{
  "phaseId": "phase377-selected-source-mode-shell-response-gram-audit",
  "generatedAt": "2026-07-04T08:47:47.7825603+00:00",
  "terminalStatus": "selected-source-mode-shell-response-gram-validated-discrete-only",
  "selectedSourceModeShellResponseGramAuditPassed": true,
  "phase376DiscreteShellReplayPresent": true,
  "phase376NonpromotionalBoundaryVerified": true,
  "implementedObjectClassification": "bounded discrete-only selected-source-mode shell-response Hilbert-Schmidt pullback Gram audit",
  "physicalInterpretationBoundary": "study-defined discrete response metric only",
  "targetBlindConstruction": true,
  "physicalTargetsConsultedForConstruction": false,
  "targetBlindConstructionHash": "a05b05019740256edab426b3e15bab524cebf000dd7ca57d491372ef7ef5a5e2",
  "selectedSourceModeSubspaceOnly": true,
  "studyDefinedHilbertSchmidtPullbackMetric": true,
  "routeProvidesDiscreteShellResponseGramPrecursor": true,
  "routeProvidesFullConnectionCarrierResponseOperator": false,
  "routeProvidesPhysicalEffectiveActionHessian": false,
  "conventionDefinitions": {
    "projectedBlock": "G_a = Psi_shell^dagger deltaK[b_a] Psi_shell",
    "selectedSourceModeResponseGram": "Q_ab = Re Tr(G_a^dagger G_b)",
    "responseQuadraticForm": "c^T Q c = ||sum_a c_a G_a||_F^2 \u003E= 0",
    "shellBasisTransformation": "G_a -\u003E U^dagger G_a U leaves Q unchanged",
    "selectedSourceModeSubspace": "the 12 persisted Phase12 connection-1form source modes per background used by Phase376"
  },
  "primarySourceBoundary": {
    "guDraft": "https://geometricunity.nyc3.digitaloceanspaces.com/Geometric_Unity-Draft-April-1st-2021.pdf",
    "degenerateHellmannFeynman": "https://doi.org/10.1103/PhysRevB.68.033105",
    "diracDeterminantEffectiveAction": "https://arxiv.org/abs/math-ph/0104011",
    "interpretation": "The GU draft motivates a mixed deformation program but does not stabilize the required physical coupled blocks. Alon-Cederbaum supports diagonalizing a derivative operator within an exactly degenerate subspace; Phase377 uses an absolute-value spectral shell and does not claim an energy-slope theorem. Langmann treats a physical fermion-induced gauge action as a regularized Dirac-determinant effective action; Phase377 does not construct that action."
  },
  "backgroundCount": 2,
  "selectedSourceModeCount": 24,
  "variationCount": 24,
  "backgroundPassedCount": 2,
  "sourceModeOrthonormalityPassedCount": 2,
  "persistedResponseGramPsdPassedCount": 2,
  "analyticResponseGramPsdPassedCount": 2,
  "persistedResponseNonzeroPassedCount": 2,
  "analyticResponseNonzeroPassedCount": 2,
  "persistedDftShellBasisInvariancePassedCount": 2,
  "analyticDftShellBasisInvariancePassedCount": 2,
  "persistedDiagonalBlockNormIdentityPassedCount": 2,
  "analyticDiagonalBlockNormIdentityPassedCount": 2,
  "persistedAnalyticResponseGramParityPassedCount": 2,
  "observedResponseRankThreeCount": 2,
  "stableObservedResponseRankAcrossBackgrounds": true,
  "observedStableResponseRank": 3,
  "observedStableResponseNullity": 9,
  "maxSourceModeGramDiagonalResidual": 1.1102230246251565E-15,
  "maxSourceModeGramOffDiagonalMagnitude": 4.038636537530184E-15,
  "maxPersistedAnalyticResponseGramRelativeResidual": 1.1686659083270075E-12,
  "maxPersistedResponseGramSymmetryRelativeResidual": 0,
  "maxAnalyticResponseGramSymmetryRelativeResidual": 0,
  "maxPersistedDftShellBasisGramRelativeResidual": 1.778374417022109E-16,
  "maxAnalyticDftShellBasisGramRelativeResidual": 2.2282602266917447E-16,
  "minPersistedResponseGramEigenvalue": -2.693845559269366E-19,
  "minAnalyticResponseGramEigenvalue": -8.292601620755744E-19,
  "minPersistedResponseTrace": 0.007109862245352952,
  "minAnalyticResponseTrace": 0.007109862245351918,
  "tolerances": {
    "matrixTolerance": 1E-08,
    "symmetryTolerance": 1E-12,
    "sourceOrthonormalityTolerance": 1E-12,
    "nonzeroResponseTolerance": 1E-12,
    "positiveRankToleranceFormula": "max(1e-14, 1e-10 * max(abs(responseGramEigenvalue)))"
  },
  "routeProvidesPhysicalGuBranch": false,
  "routeProvidesPhysicalMassPsiCompatibleBranch": false,
  "routeProvidesCanonicalPhysicalMassPsi": false,
  "routeProvidesFixedGuBranch": false,
  "routeProvidesFixedFermionicOperatorBranch": false,
  "routeProvidesCompletedFermionicAction": false,
  "routeProvidesExplicitYukawaFunctional": false,
  "routeProvidesSolvedYukawaCouplingMap": false,
  "routeProvidesCoupledResidual": false,
  "routeProvidesCompletedMixedLinearizationBlocks": false,
  "routeProvidesCorrectedGaugeIdentities": false,
  "routeProvidesMixedLinearizationGaugeCompatibilityIdentities": false,
  "routeProvidesDirectWzBridgeLaw": false,
  "routeProvidesDirectTargetIndependentWzBridgeSourceLaw": false,
  "routeProvidesHiggsRow": false,
  "routeProvidesHiggsScalarSourceOperator": false,
  "routeProvidesScalarProjectionTheorem": false,
  "routeProvidesGeVNormalization": false,
  "routeProvidesGeVUnitNormalization": false,
  "routeProvidesPredictions": false,
  "routePromotesWzMasses": false,
  "routePromotesHiggsMass": false,
  "routeCompletesBosonPredictions": false,
  "canFillPhase201WzContract": false,
  "canFillPhase201HiggsContract": false,
  "canFillPhase256ObservedFieldExtractionContract": false,
  "predictionContractImpact": {
    "canFillPhase201WzContract": false,
    "canFillPhase201HiggsContract": false,
    "canFillPhase256ObservedFieldExtractionContract": false,
    "phase201FieldsDefensiblyFilled": []
  },
  "explicitDiscreteOnlyNonclaims": [
    "selected source-mode subspace only",
    "study-defined Hilbert-Schmidt pullback metric only",
    "not a full connection-carrier response operator",
    "not a GU action Hessian",
    "not a regularized fermion-determinant effective-action Hessian",
    "not a gauge-reduced operator",
    "no physical GU branch",
    "no canonical physical M_psi",
    "no direct W/Z bridge law",
    "no Higgs row",
    "no GeV normalization",
    "no predictions",
    "no contract fills"
  ],
  "backgroundAudits": [
    {
      "fermionBackgroundId": "bg-phase12-bg-a-20260315212202",
      "selectedSourceModeCount": 12,
      "expectedSelectedSourceModeCount": 12,
      "variationIds": [
        "variation-bg-phase12-bg-a-20260315212202-candidate-0",
        "variation-bg-phase12-bg-a-20260315212202-candidate-1",
        "variation-bg-phase12-bg-a-20260315212202-candidate-10",
        "variation-bg-phase12-bg-a-20260315212202-candidate-11",
        "variation-bg-phase12-bg-a-20260315212202-candidate-2",
        "variation-bg-phase12-bg-a-20260315212202-candidate-3",
        "variation-bg-phase12-bg-a-20260315212202-candidate-4",
        "variation-bg-phase12-bg-a-20260315212202-candidate-5",
        "variation-bg-phase12-bg-a-20260315212202-candidate-6",
        "variation-bg-phase12-bg-a-20260315212202-candidate-7",
        "variation-bg-phase12-bg-a-20260315212202-candidate-8",
        "variation-bg-phase12-bg-a-20260315212202-candidate-9"
      ],
      "bosonModeIds": [
        "bg-phase12-bg-a-20260315212202-mode-0",
        "bg-phase12-bg-a-20260315212202-mode-1",
        "bg-phase12-bg-a-20260315212202-mode-10",
        "bg-phase12-bg-a-20260315212202-mode-11",
        "bg-phase12-bg-a-20260315212202-mode-2",
        "bg-phase12-bg-a-20260315212202-mode-3",
        "bg-phase12-bg-a-20260315212202-mode-4",
        "bg-phase12-bg-a-20260315212202-mode-5",
        "bg-phase12-bg-a-20260315212202-mode-6",
        "bg-phase12-bg-a-20260315212202-mode-7",
        "bg-phase12-bg-a-20260315212202-mode-8",
        "bg-phase12-bg-a-20260315212202-mode-9"
      ],
      "connectionVectorLength": 156,
      "expectedConnectionVectorLength": 156,
      "sourceModeGram": [
        [
          1.0000000000000004,
          5.967448592591608E-16,
          -1.3891326339934361E-16,
          1.407055774827709E-15,
          -2.4758881429255077E-15,
          5.571180139792256E-16,
          2.134143572200904E-15,
          4.744471980756975E-16,
          -1.6375205052630492E-15,
          2.028244972067337E-15,
          -2.01735647050083E-15,
          2.2085876925388667E-15
        ],
        [
          5.967448592591608E-16,
          1.0000000000000002,
          -1.5091961872796918E-16,
          5.082769669369037E-16,
          -1.8023776760423136E-15,
          -6.383831295477391E-16,
          -8.708311851970271E-16,
          -1.7954387478445114E-15,
          4.328131945075062E-16,
          -7.04304883136386E-16,
          5.967432499945058E-16,
          1.3513445687348958E-15
        ],
        [
          -1.3891326339934361E-16,
          -1.5091961872796918E-16,
          1,
          2.4321054526653383E-16,
          3.3112034962772763E-15,
          -1.1894960646041365E-17,
          -3.3341393717627344E-15,
          -8.030072353786944E-16,
          3.2996649217101316E-16,
          -1.3715866574114207E-15,
          7.006750320291259E-17,
          7.34479428518464E-16
        ],
        [
          1.407055774827709E-15,
          5.082769669369037E-16,
          2.4321054526653383E-16,
          1.0000000000000004,
          1.7333239759926081E-15,
          -9.507549932677027E-16,
          -3.035785286259274E-16,
          -1.1564467578903775E-16,
          6.395078483407205E-16,
          -5.374901145504891E-16,
          3.412877653509214E-16,
          1.2908416893589568E-15
        ],
        [
          -2.4758881429255077E-15,
          -1.8023776760423136E-15,
          3.3112034962772763E-15,
          1.7333239759926081E-15,
          1.0000000000000002,
          -1.288219192216799E-15,
          2.156911791994454E-15,
          2.7254687527398065E-15,
          -2.7439108423816605E-15,
          4.576899877229909E-16,
          -2.5249528460809252E-15,
          -1.6303987282464688E-15
        ],
        [
          5.571180139792256E-16,
          -6.383831295477391E-16,
          -1.1894960646041365E-17,
          -9.507549932677027E-16,
          -1.288219192216799E-15,
          0.9999999999999997,
          -6.19293138097185E-16,
          5.922893952940266E-17,
          -2.7595799781983417E-15,
          -1.6514637349244773E-17,
          -6.965293353885408E-16,
          -1.1476126315866989E-15
        ],
        [
          2.134143572200904E-15,
          -8.708311851970271E-16,
          -3.3341393717627344E-15,
          -3.035785286259274E-16,
          2.156911791994454E-15,
          -6.19293138097185E-16,
          0.9999999999999998,
          -1.2221127208788938E-15,
          -1.764050943621225E-15,
          -1.0364926812500133E-15,
          3.2582454135882727E-15,
          4.271788814440575E-16
        ],
        [
          4.744471980756975E-16,
          -1.7954387478445114E-15,
          -8.030072353786944E-16,
          -1.1564467578903775E-16,
          2.7254687527398065E-15,
          5.922893952940266E-17,
          -1.2221127208788938E-15,
          1.0000000000000002,
          1.1803311847880526E-15,
          1.0919824914972333E-15,
          -9.291482014693659E-16,
          -4.038636537530184E-15
        ],
        [
          -1.6375205052630492E-15,
          4.328131945075062E-16,
          3.2996649217101316E-16,
          6.395078483407205E-16,
          -2.7439108423816605E-15,
          -2.7595799781983417E-15,
          -1.764050943621225E-15,
          1.1803311847880526E-15,
          1.0000000000000009,
          8.890096688167712E-16,
          3.9950236847725006E-16,
          6.60636275052339E-16
        ],
        [
          2.028244972067337E-15,
          -7.04304883136386E-16,
          -1.3715866574114207E-15,
          -5.374901145504891E-16,
          4.576899877229909E-16,
          -1.6514637349244773E-17,
          -1.0364926812500133E-15,
          1.0919824914972333E-15,
          8.890096688167712E-16,
          1.000000000000001,
          3.4314540041959455E-17,
          1.4603031036970843E-15
        ],
        [
          -2.01735647050083E-15,
          5.967432499945058E-16,
          7.006750320291259E-17,
          3.412877653509214E-16,
          -2.5249528460809252E-15,
          -6.965293353885408E-16,
          3.2582454135882727E-15,
          -9.291482014693659E-16,
          3.9950236847725006E-16,
          3.4314540041959455E-17,
          0.9999999999999993,
          -3.85493754404219E-15
        ],
        [
          2.2085876925388667E-15,
          1.3513445687348958E-15,
          7.34479428518464E-16,
          1.2908416893589568E-15,
          -1.6303987282464688E-15,
          -1.1476126315866989E-15,
          4.271788814440575E-16,
          -4.038636537530184E-15,
          6.60636275052339E-16,
          1.4603031036970843E-15,
          -3.85493754404219E-15,
          1
        ]
      ],
      "maxSourceModeGramDiagonalResidual": 1.1102230246251565E-15,
      "maxSourceModeGramOffDiagonalMagnitude": 4.038636537530184E-15,
      "sourceModeOrthonormalityPassed": true,
      "persistedResponseGram": {
        "construction": "Q_ab = Re Tr(G_a^dagger G_b)",
        "responseGram": [
          [
            0.00040207067222228096,
            -0.00037100317770623104,
            0.0005586468867334809,
            -0.0001975335985716179,
            0.0006671608194128347,
            -0.00023050325592006917,
            -0.000881471246431712,
            -0.0002576456887871615,
            1.705094692420332E-05,
            -0.0004714287953511756,
            2.3458523771787953E-05,
            -0.00034550739174708583
          ],
          [
            -0.00037100317770623104,
            0.0003749187374211344,
            -0.0005331655013012176,
            0.00014779374285638525,
            -0.0006165667395785328,
            0.00018427800044790068,
            0.0007738881347453398,
            0.0002152743488440539,
            -2.0216701921110493E-05,
            0.0004174654710918373,
            -8.517749180909996E-05,
            0.0004020594246135026
          ],
          [
            0.0005586468867334809,
            -0.0005331655013012176,
            0.0008044859774532433,
            -0.0002758005573306826,
            0.0009505515054717768,
            -0.00027959735057729926,
            -0.0012845687584994256,
            -0.0003661308804246285,
            4.512483063891494E-05,
            -0.0006984189731950555,
            2.8613186763141263E-05,
            -0.0004907117258590023
          ],
          [
            -0.0001975335985716179,
            0.00014779374285638525,
            -0.0002758005573306826,
            0.00015504773703688607,
            -0.0003515052600019832,
            0.00011621885985860786,
            0.0005620179836613103,
            0.00017217839255362786,
            -2.402168404146773E-05,
            0.0003069534893617693,
            9.697324002162467E-05,
            4.460422911248672E-05
          ],
          [
            0.0006671608194128347,
            -0.0006165667395785328,
            0.0009505515054717768,
            -0.0003515052600019832,
            0.0011355149401346119,
            -0.000350488290783879,
            -0.001561744145804149,
            -0.00045195898902553034,
            5.187056312019627E-05,
            -0.0008470376111435552,
            -6.672328366969168E-06,
            -0.0005331407494025224
          ],
          [
            -0.00023050325592006917,
            0.00018427800044790068,
            -0.00027959735057729926,
            0.00011621885985860786,
            -0.000350488290783879,
            0.00019103047520499698,
            0.0004299980731436943,
            0.00013981393660096578,
            1.980158679166936E-05,
            0.00021406821934261833,
            -1.0002282220856938E-05,
            0.0001721203018227957
          ],
          [
            -0.000881471246431712,
            0.0007738881347453398,
            -0.0012845687584994256,
            0.0005620179836613103,
            -0.001561744145804149,
            0.0004299980731436943,
            0.002333560653479192,
            0.0006805049585047394,
            -0.00011455625673149378,
            0.0012848573317550468,
            0.00019276052144117202,
            0.0005064931846308658
          ],
          [
            -0.0002576456887871615,
            0.0002152743488440539,
            -0.0003661308804246285,
            0.00017217839255362786,
            -0.00045195898902553034,
            0.00013981393660096578,
            0.0006805049585047394,
            0.0002027299960893697,
            -2.8517443360267277E-05,
            0.00037178683622550543,
            7.063591642516516E-05,
            0.0001264205336893016
          ],
          [
            1.705094692420332E-05,
            -2.0216701921110493E-05,
            4.512483063891494E-05,
            -2.402168404146773E-05,
            5.187056312019627E-05,
            1.980158679166936E-05,
            -0.00011455625673149378,
            -2.8517443360267277E-05,
            2.065637070261244E-05,
            -7.138161944572974E-05,
            -2.9366127999590917E-05,
            8.996198898802894E-06
          ],
          [
            -0.0004714287953511756,
            0.0004174654710918373,
            -0.0006984189731950555,
            0.0003069534893617693,
            -0.0008470376111435552,
            0.00021406821934261833,
            0.0012848573317550468,
            0.00037178683622550543,
            -7.138161944572974E-05,
            0.0007120466479275782,
            0.00011560247854565519,
            0.0002625280736877134
          ],
          [
            2.3458523771787953E-05,
            -8.517749180909996E-05,
            2.8613186763141263E-05,
            9.697324002162467E-05,
            -6.672328366969168E-06,
            -1.0002282220856938E-05,
            0.00019276052144117202,
            7.063591642516516E-05,
            -2.9366127999590917E-05,
            0.00011560247854565519,
            0.00020440357007466578,
            -0.0002535432938499816
          ],
          [
            -0.00034550739174708583,
            0.0004020594246135026,
            -0.0004907117258590023,
            4.460422911248672E-05,
            -0.0005331407494025224,
            0.0001721203018227957,
            0.0005064931846308658,
            0.0001264205336893016,
            8.996198898802894E-06,
            0.0002625280736877134,
            -0.0002535432938499816,
            0.0005733964676063812
          ]
        ],
        "symmetryRelativeResidual": 0,
        "symmetryPassed": true,
        "diagonalBlockNormIdentityRelativeResidual": 4.336808689942018E-19,
        "diagonalBlockNormIdentityPassed": true,
        "dftShellBasisGramRelativeResidual": 1.4261396198411205E-16,
        "dftShellBasisInvariancePassed": true,
        "eigenvaluesAscending": [
          -2.50663502876293E-19,
          -2.0528832413793383E-19,
          -2.796808560146944E-20,
          -2.476899963412951E-20,
          -3.2947834987054893E-21,
          8.022451549049298E-21,
          4.449882002028736E-20,
          5.0568017907978635E-20,
          6.507877800386576E-20,
          0.00013636775398564524,
          0.000842189925007971,
          0.006131304566359332
        ],
        "positiveRankTolerance": 6.131304566359332E-13,
        "minimumEigenvalue": -2.50663502876293E-19,
        "maximumEigenvalue": 0.006131304566359332,
        "positiveResponseRank": 3,
        "responseNullity": 9,
        "trace": 0.007109862245352952,
        "psdPassed": true,
        "nonzeroResponsePassed": true
      },
      "analyticResponseGram": {
        "construction": "Q_ab = Re Tr(G_a^dagger G_b)",
        "responseGram": [
          [
            0.00040207067222245004,
            -0.000371003177706106,
            0.0005586468867339198,
            -0.00019753359857126,
            0.0006671608194128094,
            -0.00023050325591983636,
            -0.0008814712464318519,
            -0.0002576456887867494,
            1.7050946924353763E-05,
            -0.0004714287953513539,
            2.3458523772207163E-05,
            -0.0003455073917472701
          ],
          [
            -0.000371003177706106,
            0.0003749187374207367,
            -0.0005331655013012923,
            0.00014779374285590484,
            -0.0006165667395781309,
            0.00018427800044744133,
            0.0007738881347450928,
            0.00021527434884359404,
            -2.021670192130668E-05,
            0.0004174654710918655,
            -8.517749180935988E-05,
            0.0004020594246133412
          ],
          [
            0.0005586468867339198,
            -0.0005331655013012923,
            0.0008044859774541608,
            -0.0002758005573302786,
            0.0009505515054719948,
            -0.0002795973505771209,
            -0.0012845687585000202,
            -0.00036613088042421264,
            4.5124830639196426E-05,
            -0.0006984189731955203,
            2.861318676369931E-05,
            -0.0004907117258594458
          ],
          [
            -0.00019753359857126,
            0.00014779374285590484,
            -0.0002758005573302786,
            0.00015504773703676428,
            -0.000351505260001158,
            0.00011621885985833463,
            0.0005620179836606627,
            0.0001721783925532241,
            -2.402168404159211E-05,
            0.0003069534893614233,
            9.697324002178856E-05,
            4.460422911183016E-05
          ],
          [
            0.0006671608194128094,
            -0.0006165667395781309,
            0.0009505515054719948,
            -0.000351505260001158,
            0.001135514940133807,
            -0.0003504882907835096,
            -0.0015617441458031698,
            -0.0004519589890245364,
            5.187056312038974E-05,
            -0.0008470376111431268,
            -6.672328366111218E-06,
            -0.0005331407494027756
          ],
          [
            -0.00023050325591983636,
            0.00018427800044744133,
            -0.0002795973505771209,
            0.00011621885985833463,
            -0.0003504882907835096,
            0.0001910304752045547,
            0.00042999807314340215,
            0.00013981393660055135,
            1.9801586791620074E-05,
            0.00021406821934254422,
            -1.0002282220983887E-05,
            0.00017212030182246784
          ],
          [
            -0.0008814712464318519,
            0.0007738881347450928,
            -0.0012845687585000202,
            0.0005620179836606627,
            -0.0015617441458031698,
            0.00042999807314340215,
            0.002333560653478573,
            0.0006805049585036435,
            -0.00011455625673195027,
            0.001284857331754774,
            0.00019276052144047694,
            0.0005064931846309605
          ],
          [
            -0.0002576456887867494,
            0.00021527434884359404,
            -0.00036613088042421264,
            0.0001721783925532241,
            -0.0004519589890245364,
            0.00013981393660055135,
            0.0006805049585036435,
            0.00020272999608874837,
            -2.8517443360398072E-05,
            0.00037178683622494414,
            7.063591642496611E-05,
            0.00012642053368897853
          ],
          [
            1.7050946924353763E-05,
            -2.021670192130668E-05,
            4.5124830639196426E-05,
            -2.402168404159211E-05,
            5.187056312038974E-05,
            1.9801586791620074E-05,
            -0.00011455625673195027,
            -2.8517443360398072E-05,
            2.0656370702726725E-05,
            -7.13816194459873E-05,
            -2.93661279996924E-05,
            8.996198898746179E-06
          ],
          [
            -0.0004714287953513539,
            0.0004174654710918655,
            -0.0006984189731955203,
            0.0003069534893614233,
            -0.0008470376111431268,
            0.00021406821934254422,
            0.001284857331754774,
            0.00037178683622494414,
            -7.13816194459873E-05,
            0.0007120466479274497,
            0.00011560247854518602,
            0.00026252807368798057
          ],
          [
            2.3458523772207163E-05,
            -8.517749180935988E-05,
            2.861318676369931E-05,
            9.697324002178856E-05,
            -6.672328366111218E-06,
            -1.0002282220983887E-05,
            0.00019276052144047694,
            7.063591642496611E-05,
            -2.93661279996924E-05,
            0.00011560247854518602,
            0.0002044035700750597,
            -0.0002535432938506582
          ],
          [
            -0.0003455073917472701,
            0.0004020594246133412,
            -0.0004907117258594458,
            4.460422911183016E-05,
            -0.0005331407494027756,
            0.00017212030182246784,
            0.0005064931846309605,
            0.00012642053368897853,
            8.996198898746179E-06,
            0.00026252807368798057,
            -0.0002535432938506582,
            0.0005733964676068885
          ]
        ],
        "symmetryRelativeResidual": 0,
        "symmetryPassed": true,
        "diagonalBlockNormIdentityRelativeResidual": 2.168404344971009E-19,
        "diagonalBlockNormIdentityPassed": true,
        "dftShellBasisGramRelativeResidual": 1.4441584207204042E-16,
        "dftShellBasisInvariancePassed": true,
        "eigenvaluesAscending": [
          -2.0758835996410818E-19,
          -7.647683775802217E-20,
          -3.390695905284347E-20,
          -5.1771499748970204E-21,
          2.927156524788488E-20,
          6.472520510693895E-20,
          7.475677380004944E-20,
          9.587907310069955E-20,
          1.8351617195178307E-19,
          0.00013636775398547465,
          0.0008421899250087386,
          0.006131304566357706
        ],
        "positiveRankTolerance": 6.131304566357706E-13,
        "minimumEigenvalue": -2.0758835996410818E-19,
        "maximumEigenvalue": 0.006131304566357706,
        "positiveResponseRank": 3,
        "responseNullity": 9,
        "trace": 0.007109862245351918,
        "psdPassed": true,
        "nonzeroResponsePassed": true
      },
      "persistedAnalyticResponseGramRelativeResidual": 8.451496460622921E-13,
      "persistedAnalyticResponseGramParityPassed": true,
      "backgroundPassed": true
    },
    {
      "fermionBackgroundId": "bg-phase12-bg-b-20260315212202",
      "selectedSourceModeCount": 12,
      "expectedSelectedSourceModeCount": 12,
      "variationIds": [
        "variation-bg-phase12-bg-b-20260315212202-candidate-0",
        "variation-bg-phase12-bg-b-20260315212202-candidate-1",
        "variation-bg-phase12-bg-b-20260315212202-candidate-10",
        "variation-bg-phase12-bg-b-20260315212202-candidate-11",
        "variation-bg-phase12-bg-b-20260315212202-candidate-2",
        "variation-bg-phase12-bg-b-20260315212202-candidate-3",
        "variation-bg-phase12-bg-b-20260315212202-candidate-4",
        "variation-bg-phase12-bg-b-20260315212202-candidate-5",
        "variation-bg-phase12-bg-b-20260315212202-candidate-6",
        "variation-bg-phase12-bg-b-20260315212202-candidate-7",
        "variation-bg-phase12-bg-b-20260315212202-candidate-8",
        "variation-bg-phase12-bg-b-20260315212202-candidate-9"
      ],
      "bosonModeIds": [
        "bg-phase12-bg-b-20260315212202-mode-3",
        "bg-phase12-bg-b-20260315212202-mode-2",
        "bg-phase12-bg-b-20260315212202-mode-6",
        "bg-phase12-bg-b-20260315212202-mode-7",
        "bg-phase12-bg-b-20260315212202-mode-0",
        "bg-phase12-bg-b-20260315212202-mode-1",
        "bg-phase12-bg-b-20260315212202-mode-4",
        "bg-phase12-bg-b-20260315212202-mode-11",
        "bg-phase12-bg-b-20260315212202-mode-10",
        "bg-phase12-bg-b-20260315212202-mode-5",
        "bg-phase12-bg-b-20260315212202-mode-9",
        "bg-phase12-bg-b-20260315212202-mode-8"
      ],
      "connectionVectorLength": 156,
      "expectedConnectionVectorLength": 156,
      "sourceModeGram": [
        [
          1.0000000000000004,
          1.5924758194699188E-15,
          -5.490399658894168E-16,
          -5.192011438973451E-16,
          -1.0755296221378184E-15,
          6.304158846688046E-16,
          -9.079991007951374E-16,
          2.662798311194321E-15,
          -2.7101675771049467E-16,
          1.812787845171612E-15,
          -3.411457741520408E-16,
          -1.3652290369963814E-15
        ],
        [
          1.5924758194699188E-15,
          0.9999999999999999,
          1.9947146777662117E-15,
          9.401860912215195E-16,
          1.9567827896296457E-15,
          9.642789659162875E-16,
          -9.011841603155136E-16,
          5.290994692476923E-16,
          6.939080929791132E-16,
          -1.8058750943378236E-15,
          2.185800663599441E-16,
          -1.8457459692486912E-15
        ],
        [
          -5.490399658894168E-16,
          1.9947146777662117E-15,
          0.9999999999999997,
          1.2705795601432154E-15,
          -1.5330759284290875E-16,
          -9.939716635566628E-16,
          -2.0049613460564637E-15,
          1.018057441399531E-16,
          -7.980828372836105E-16,
          -1.4646460468904517E-15,
          1.984848274270611E-15,
          -2.653367933685999E-15
        ],
        [
          -5.192011438973451E-16,
          9.401860912215195E-16,
          1.2705795601432154E-15,
          1,
          2.4102945537573886E-15,
          -9.041202870204141E-16,
          -1.4861081194550416E-16,
          -1.5639332543363899E-15,
          5.644035915535226E-17,
          -4.690478646265829E-16,
          1.6521300976917698E-15,
          -2.8696841180846782E-15
        ],
        [
          -1.0755296221378184E-15,
          1.9567827896296457E-15,
          -1.5330759284290875E-16,
          2.4102945537573886E-15,
          1,
          1.4753790142409796E-15,
          8.79518893130361E-16,
          2.8310953946420735E-15,
          7.303758238824136E-16,
          1.7338766863917418E-16,
          9.263566204327519E-16,
          -1.1405811978436616E-15
        ],
        [
          6.304158846688046E-16,
          9.642789659162875E-16,
          -9.939716635566628E-16,
          -9.041202870204141E-16,
          1.4753790142409796E-15,
          1.0000000000000004,
          -4.349441706189472E-16,
          7.37782075332956E-17,
          -2.5724921256502562E-15,
          -1.0007616111614615E-18,
          1.6293604596277738E-15,
          -3.822220270239363E-16
        ],
        [
          -9.079991007951374E-16,
          -9.011841603155136E-16,
          -2.0049613460564637E-15,
          -1.4861081194550416E-16,
          8.79518893130361E-16,
          -4.349441706189472E-16,
          1.0000000000000002,
          -8.825340249618299E-16,
          3.162880798282027E-17,
          8.224487474194143E-16,
          2.201619072112746E-16,
          -5.156487317210612E-16
        ],
        [
          2.662798311194321E-15,
          5.290994692476923E-16,
          1.018057441399531E-16,
          -1.5639332543363899E-15,
          2.8310953946420735E-15,
          7.37782075332956E-17,
          -8.825340249618299E-16,
          1.0000000000000004,
          9.281172109555369E-16,
          -9.008058778653015E-16,
          -1.4814540260638642E-15,
          -2.6194351044882397E-16
        ],
        [
          -2.7101675771049467E-16,
          6.939080929791132E-16,
          -7.980828372836105E-16,
          5.644035915535226E-17,
          7.303758238824136E-16,
          -2.5724921256502562E-15,
          3.162880798282027E-17,
          9.281172109555369E-16,
          0.9999999999999994,
          6.786025127051237E-16,
          -7.112644390876046E-16,
          -1.6341037403359816E-15
        ],
        [
          1.812787845171612E-15,
          -1.8058750943378236E-15,
          -1.4646460468904517E-15,
          -4.690478646265829E-16,
          1.7338766863917418E-16,
          -1.0007616111614615E-18,
          8.224487474194143E-16,
          -9.008058778653015E-16,
          6.786025127051237E-16,
          0.9999999999999997,
          2.0933493064953806E-15,
          -8.135843742364034E-16
        ],
        [
          -3.411457741520408E-16,
          2.185800663599441E-16,
          1.984848274270611E-15,
          1.6521300976917698E-15,
          9.263566204327519E-16,
          1.6293604596277738E-15,
          2.201619072112746E-16,
          -1.4814540260638642E-15,
          -7.112644390876046E-16,
          2.0933493064953806E-15,
          1.0000000000000002,
          -1.268092400012493E-15
        ],
        [
          -1.3652290369963814E-15,
          -1.8457459692486912E-15,
          -2.653367933685999E-15,
          -2.8696841180846782E-15,
          -1.1405811978436616E-15,
          -3.822220270239363E-16,
          -5.156487317210612E-16,
          -2.6194351044882397E-16,
          -1.6341037403359816E-15,
          -8.135843742364034E-16,
          -1.268092400012493E-15,
          1.0000000000000004
        ]
      ],
      "maxSourceModeGramDiagonalResidual": 5.551115123125783E-16,
      "maxSourceModeGramOffDiagonalMagnitude": 2.8696841180846782E-15,
      "sourceModeOrthonormalityPassed": true,
      "persistedResponseGram": {
        "construction": "Q_ab = Re Tr(G_a^dagger G_b)",
        "responseGram": [
          [
            0.0005572185470388575,
            0.0003226515294969373,
            5.007723482176131E-05,
            0.0009300680588015189,
            0.0008273794710553968,
            -0.00039774287625449336,
            0.00026841736372847173,
            0.0003591398934621892,
            -1.2922557395486354E-05,
            9.800875254513827E-05,
            -0.000857041994627169,
            -0.0011908867890316806
          ],
          [
            0.0003226515294969373,
            0.0002867943928743778,
            0.00022688730512651935,
            0.0005025124496106124,
            0.0004631734041849614,
            -6.481176809783036E-05,
            0.00017998341559463007,
            0.00023502693408394555,
            -1.1742535974760504E-05,
            0.00024027334767157599,
            -0.0005730355744453919,
            -0.0006268312001569722
          ],
          [
            5.007723482176131E-05,
            0.00022688730512651935,
            0.0003962743355667457,
            1.1618420987877225E-05,
            4.173951698542905E-05,
            0.00029179117403760086,
            7.21180570146919E-05,
            8.540272713527157E-05,
            -9.573773409537997E-06,
            0.0003723839056826752,
            -0.00022808261943245574,
            1.8153192645649108E-05
          ],
          [
            0.0009300680588015189,
            0.0005025124496106124,
            1.1618420987877225E-05,
            0.001576793127047889,
            0.0014067983258699444,
            -0.0007221598431284653,
            0.00045031526910690263,
            0.0005979746621708672,
            -2.039774862584445E-05,
            9.240884813265729E-05,
            -0.0014193461612896441,
            -0.0020279625980130977
          ],
          [
            0.0008273794710553968,
            0.0004631734041849614,
            4.173951698542905E-05,
            0.0014067983258699444,
            0.0012663520759118097,
            -0.000614502487464348,
            0.0004142549717762237,
            0.0005435273346277331,
            -1.9150001197180038E-05,
            0.00010746958544910663,
            -0.0012893920118553356,
            -0.0018092370891339103
          ],
          [
            -0.00039774287625449336,
            -6.481176809783036E-05,
            0.00029179117403760086,
            -0.0007221598431284653,
            -0.000614502487464348,
            0.0005580602936763201,
            -0.000149591416722449,
            -0.00021053708228933432,
            2.1278424820717665E-06,
            0.00023325996829653742,
            0.0004826601520775592,
            0.0009517945830704012
          ],
          [
            0.00026841736372847173,
            0.00017998341559463007,
            7.21180570146919E-05,
            0.00045031526910690263,
            0.0004142549717762237,
            -0.000149591416722449,
            0.000146225688975504,
            0.00018774679819898486,
            -7.627086673723248E-06,
            8.738423130720686E-05,
            -0.00044784165840593544,
            -0.000575456598738776
          ],
          [
            0.0003591398934621892,
            0.00023502693408394555,
            8.540272713527157E-05,
            0.0005979746621708672,
            0.0005435273346277331,
            -0.00021053708228933432,
            0.00018774679819898486,
            0.0002448204385875844,
            -9.746733676434284E-06,
            0.00010921442624145629,
            -0.0005851641001789067,
            -0.0007633524078700155
          ],
          [
            -1.2922557395486354E-05,
            -1.1742535974760504E-05,
            -9.573773409537997E-06,
            -2.039774862584445E-05,
            -1.9150001197180038E-05,
            2.1278424820717665E-06,
            -7.627086673723248E-06,
            -9.746733676434284E-06,
            4.928254300568445E-07,
            -9.932934188884706E-06,
            2.367417682716203E-05,
            2.5506395449976146E-05
          ],
          [
            9.800875254513827E-05,
            0.00024027334767157599,
            0.0003723839056826752,
            9.240884813265729E-05,
            0.00010746958544910663,
            0.00023325996829653742,
            8.738423130720686E-05,
            0.00010921442624145629,
            -9.932934188884706E-06,
            0.0003563735442332974,
            -0.0002844110010505211,
            -8.652144816695259E-05
          ],
          [
            -0.000857041994627169,
            -0.0005730355744453919,
            -0.00022808261943245574,
            -0.0014193461612896441,
            -0.0012893920118553356,
            0.0004826601520775592,
            -0.00044784165840593544,
            -0.0005851641001789067,
            2.367417682716203E-05,
            -0.0002844110010505211,
            0.0014010546073278225,
            0.0018089753708215688
          ],
          [
            -0.0011908867890316806,
            -0.0006268312001569722,
            1.8153192645649108E-05,
            -0.0020279625980130977,
            -0.0018092370891339103,
            0.0009517945830704012,
            -0.000575456598738776,
            -0.0007633524078700155,
            2.5506395449976146E-05,
            -8.652144816695259E-05,
            0.0018089753708215688,
            0.0026117235276262984
          ]
        ],
        "symmetryRelativeResidual": 0,
        "symmetryPassed": true,
        "diagonalBlockNormIdentityRelativeResidual": 5.421010862427522E-20,
        "diagonalBlockNormIdentityPassed": true,
        "dftShellBasisGramRelativeResidual": 1.778374417022109E-16,
        "dftShellBasisInvariancePassed": true,
        "eigenvaluesAscending": [
          -2.693845559269366E-19,
          -1.9027413892206137E-19,
          -1.5951373821295283E-19,
          -1.3446120598611466E-19,
          -8.712864081753366E-20,
          -2.4869243118454917E-20,
          -2.45832947544563E-20,
          -3.183429075219587E-22,
          2.4211778177041167E-21,
          2.849543376146836E-05,
          0.001224720733641018,
          0.008148967236894077
        ],
        "positiveRankTolerance": 8.148967236894078E-13,
        "minimumEigenvalue": -2.693845559269366E-19,
        "maximumEigenvalue": 0.008148967236894077,
        "positiveResponseRank": 3,
        "responseNullity": 9,
        "trace": 0.009402183404296563,
        "psdPassed": true,
        "nonzeroResponsePassed": true
      },
      "analyticResponseGram": {
